no_hand_driving/20000101121915-00-00-lady-000000_20240805_30_35_4_5 30 [1, 0, 0, 0, 0, 0, 0, 0, 0, 0, 0, 0, 0, 1, 0]
no_hand_driving/20000101122615-00-00-lady-000000_20240909_25_30 150 [1, 0, 0, 0, 0, 0, 0, 0, 0, 0, 0, 0, 0, 0, 0]
nap/20000101122317-00-00-lady-000000_20240219_10_15 150 [0, 1, 1, 0, 0, 0, 0, 1, 0, 0, 0, 0, 0, 0, 0]
nap/20000101125115-00-00-lady-000000_20240909_20_25 150 [0, 1, 0, 0, 0, 0, 0, 0, 0, 0, 0, 0, 0, 0, 0]
seatbelt/20000101121117-00-00-lady-000000_20240219_20_25 150 [0, 0, 1, 0, 0, 1, 0, 1, 1, 0, 0, 0, 0, 0, 0]
seatbelt/20000101121817-00-00-lady-000000_20240219_55_60 150 [0, 0, 1, 0, 0, 0, 0, 1, 0, 0, 0, 0, 0, 0, 0]
Distract/qbox_0211_15_40_45 150 [0, 0, 0, 1, 0, 0, 0, 0, 0, 0, 0, 0, 0, 0, 0]
Distract/20230822085147-00-00-lady-000000_35_40 150 [0, 0, 0, 1, 0, 0, 0, 0, 0, 0, 0, 0, 0, 0, 0]
Phone/20000101124825-00-00-lady_20240102_45_50 150 [0, 0, 0, 0, 1, 0, 0, 1, 0, 0, 0, 0, 0, 0, 0]
Phone/20000101122317-00-00-lady-000000_20240109_40_45 150 [0, 0, 0, 0, 1, 0, 0, 1, 0, 0, 0, 0, 0, 0, 0]
Drowsy/qbox_1213_2_55_60 150 [0, 0, 0, 0, 0, 1, 0, 0, 0, 0, 0, 0, 0, 0, 0]
Drowsy/20231213102323-00-00-lady-000000_40_45 150 [0, 0, 0, 0, 0, 1, 0, 0, 0, 0, 0, 0, 0, 0, 0]
laughing/20240108090909-00-00-lady-000000_20240109_45_50_2_3 30 [0, 0, 0, 0, 0, 0, 1, 0, 0, 0, 0, 0, 0, 0, 0]
laughing/20000101120515-00-00-lady-000000_20240524_40_45_1_2 30 [0, 0, 0, 0, 0, 0, 1, 0, 0, 0, 0, 0, 0, 0, 0]
single_hand_driving/20000101121215-00-00-lady-000020_20240401_55_60 150 [0, 0, 0, 0, 0, 0, 0, 1, 0, 0, 0, 0, 0, 0, 0]
single_hand_driving/20000101122515-00-00-lady-000000_20240805_10_15_4_5 30 [0, 0, 0, 0, 0, 0, 0, 1, 0, 0, 0, 0, 0, 0, 1]
negative/20000101124815-00-00-lady-000000_20240909_25_30 150 [0, 0, 0, 0, 0, 0, 0, 0, 1, 0, 0, 0, 0, 0, 0]
negative/20000101122815-00-00-lady-000000_20240909_35_40 150 [0, 0, 0, 0, 0, 0, 0, 0, 1, 0, 0, 0, 0, 0, 0]
Singing/20000101120915-00-00-lady-000000_20240506_5_10 150 [0, 0, 0, 0, 0, 0, 0, 0, 0, 1, 0, 0, 0, 0, 0]
Singing/20000101120815-00-00-lady-000000_20240506_25_30 150 [0, 0, 0, 0, 0, 0, 0, 0, 0, 1, 0, 0, 0, 0, 0]
Sneezing/20000101120816-00-00-lady-000000_20240524_15_20_5_7 21 [0, 0, 0, 0, 0, 0, 0, 0, 0, 0, 1, 0, 0, 0, 0]
Sneezing/20000101121415-00-00-lady-000000_20240506_25_30_0_1 21 [0, 0, 0, 0, 0, 0, 0, 0, 0, 0, 1, 0, 0, 0, 0]
Eyescratching/20000101120915-00-00-lady-000000_20240524_20_25 150 [0, 0, 0, 0, 0, 0, 0, 0, 0, 0, 0, 1, 0, 0, 0]
Eyescratching/20000101123415-00-00-lady-000000_20240909_20_25 150 [0, 0, 0, 0, 0, 0, 0, 1, 0, 0, 0, 1, 0, 0, 0]
Talking/20000101133315-00-00-lady-000000_20240909_0_5 150 [0, 0, 0, 0, 0, 0, 0, 0, 0, 0, 0, 0, 1, 0, 0]
Talking/20000101122016-00-00-lady-000000_20240524_35_40 150 [0, 0, 0, 0, 0, 0, 0, 1, 0, 0, 0, 0, 1, 0, 0]
Eating/20000101121215-00-00-lady-000000_20240805_55_60_2_4 60 [1, 0, 0, 0, 0, 0, 0, 0, 0, 0, 0, 0, 0, 1, 0]
Eating/20000101122115-00-00-lady-000000_20240805_30_35_0_2 60 [0, 0, 0, 0, 0, 0, 0, 1, 0, 0, 0, 0, 0, 1, 0]
Smoking/20000101123415-00-00-lady-000000_20240701_45_50_0_2 60 [0, 0, 0, 0, 0, 0, 0, 1, 0, 0, 0, 0, 0, 0, 1]
Smoking/20000101122615-00-00-lady-000000_20240701_0_5_0_2 60 [0, 0, 0, 0, 0, 0, 0, 1, 0, 0, 0, 0, 0, 0, 1]
